geiger_cpm,time,altitude
76,1479753189,2
57,1479753249,2
65,1479753309,2
1
55,1479753369,-1
51,1479753429,-1
66,1479753489,-1
62,1479753550,-1
69,1479753610,-1
74,1479753670,-1
66,1479753730,-1
59,1479753790,-1
59,1479753850,-1
63,1479753910,-1
59,1479753970,-1
66,1479754030,-1
63,1479754090,-1
67,1479754150,-1
57,1479754210,-1
55,1479754270,-1
68,1479754330,-1
61,1479754390,-1
47,1479754450,-1
61,1479754510,-1
69,1479754570,-1
72,1479754630,-1
63,1479754690,-1
53,1479754750,-1
79,1479754810,-1
80,1479754870,-1
84,1479754930,-1
105,1479754990,-1
93,1479755051,-1
86,1479755111,-1
109,1479755171,-1
102,1479755231,-1
114,1479755291,-1
117,1479755351,-1
141,1479755411,-1
152,1479755471,-1
146,1479755531,-1
134,1479755591,-1
193,1479755651,-1
186,1479755711,-1
234,1479755771,-1
209,1479755831,-1
249,1479755891,-1
246,1479755951,-1
247,1479756011,-1
251,1479756071,-1
279,1479756131,-1
282,1479756191,-1
299,1479756251,-1
310,1479756311,-1
323,1479756371,-1
381,1479756431,-1
391,1479756491,-1
383,1479756552,-1
390,1479756612,-1
435,1479756672,-1
431,1479756732,-1
500,1479756792,-1
459,1479756852,-1
489,1479756912,-1
477,1479756972,-1
482,1479757032,-1
510,1479757092,-1
509,1479757152,-1
542,1479757212,-1
515,1479757272,-1
544,1479757332,-1
500,1479757392,-1
530,1479757452,-1
553,1479757512,-1
551,1479757572,-1
540,1479757632,-1
484,1479757692,-1
538,1479757752,-1
561,1479757812,-1
494,1479757872,-1
538,1479757932,-1
560,1479757992,-1
503,1479758053,-1
548,1479758113,-1
524,1479758173,-1
500,1479758233,-1
411,1479758293,-1
399,1479758353,-1
367,1479758413,-1
339,1479758473,-1
275,1479758533,-1
237,1479758593,-1
209,1479758653,-1
165,1479758713,-1
151,1479758773,-1
140,1479758833,-1
128,1479758893,-1
104,1479758953,-1
91,1479759013,-1
82,1479759073,-1
59,1479759133,-1
72,1479759193,-1
71,1479759253,-1
65,1479759313,-1
112,1479759373,-1
63,1479759433,-1
82,1479759493,-1
61,1479759553,-1
62,1479759613,-1
58,1479759674,-1
49,1479759734,-1
55,1479759794,-1
61,1479759854,-1
70,1479759914,-1
64,1479759974,-1
68,1479760034,-1
69,1479760094,-1
64,1479760154,-1
62,1479760214,-1
60,1479760274,-1
70,1479760334,-1
56,1479760394,-1
66,1479760454,-1
58,1479760514,-1
55,1479760574,-1
60,1479760634,-1
57,1479760694,-1
71,1479760754,-1
71,1479760814,-1
60,1479760874,-1
64,1479760934,-1
66,1479760994,-1
65,1479761054,-1
55,1479761114,-1
63,1479761174,-1
70,1479761235,-1
86,1479761295,-1
67,1479761355,-1
76,1479761415,-1
97,1479761475,-1
130,1479761535,-1
118,1479761595,-1
75,1479761655,-1
97,1479761715,-1
127,1479761775,-1
90,1479761835,-1
91,1479761895,-1
98,1479761955,-1
96,1479762015,-1
70,1479762075,-1
78,1479762135,-1
96,1479762195,-1
83,1479762255,-1
81,1479762315,-1
71,1479762375,-1
103,1479762435,-1
81,1479762495,-1
82,1479762555,-1
74,1479762616,-1
109,1479762676,-1
85,1479762736,-1
78,1479762796,-1
88,1479762856,-1
112,1479762916,-1
90,1479762976,-1
96,1479763036,-1
101,1479763096,-1
111,1479763156,-1
98,1479763216,-1
85,1479763276,-1
93,1479763336,-1
115,1479763396,-1
89,1479763456,-1
91,1479763516,-1
138,1479763576,-1
197,1479763636,-1
157,1479763696,-1
147,1479763756,-1
205,1479763816,-1
212,1479763876,-1
94,1479763937,-1
237,1479763997,-1
184,1479764057,-1
229,1479764117,-1
170,1479764177,-1
205,1479764237,-1
168,1479764297,-1
267,1479764357,-1
337,1479764417,-1
256,1479764477,-1
255,1479764537,-1
334,1479764597,-1
268,1479764657,-1
205,1479764717,-1
183,1479764777,-1
282,1479764837,-1
224,1479764897,-1
170,1479764957,-1
162,1479765017,-1
160,1479765077,-1
141,1479765138,-1
133,1479765198,-1
130,1479765258,-1
186,1479765318,-1
152,1479765378,-1
145,1479765438,-1
161,1479765498,-1
200,1479765558,-1
218,1479765618,-1
216,1479765678,-1
182,1479765738,-1
192,1479765798,-1
263,1479765858,-1
318,1479765918,-1
235,1479765978,-1
261,1479766038,-1
157,1479766098,-1
152,1479766158,-1
157,1479766218,-1
184,1479766278,-1
249,1479766338,-1
262,1479766399,-1
202,1479766459,-1
293,1479766519,-1
205,1479766579,-1
252,1479766639,-1
262,1479766699,-1
314,1479766759,-1
206,1479766819,-1
195,1479766879,-1
200,1479766939,-1
233,1479766999,-1
320,1479767059,-1
396,1479767119,-1
262,1479767179,-1
332,1479767239,-1
268,1479767299,-1
405,1479767359,-1
330,1479767419,-1
385,1479767479,-1
513,1479767539,-1
300,1479767599,-1
432,1479767660,-1
556,1479767720,-1
494,1479767780,-1
528,1479767840,-1
491,1479767900,-1
420,1479767960,-1
441,1479768020,-1
427,1479768080,-1
366,1479768140,-1
405,1479768200,-1
378,1479768260,-1
311,1479768320,-1
438,1479768380,-1
464,1479768440,-1
362,1479768500,-1
415,1479768560,-1
350,1479768620,-1
482,1479768680,-1
318,1479768740,-1
392,1479768800,-1
408,1479768861,-1
320,1479768921,-1
295,1479768981,-1
313,1479769041,-1
308,1479769101,-1
423,1479769161,-1
333,1479769221,-1
399,1479769281,-1
317,1479769341,-1
320,1479769401,-1
502,1479769461,-1
377,1479769521,-1
379,1479769581,-1
334,1479769641,-1
266,1479769701,-1
302,1479769761,-1
288,1479769821,-1
530,1479769881,-1
510,1479769941,-1
439,1479770001,-1
292,1479770062,-1
381,1479770122,-1
294,1479770182,-1
428,1479770242,-1
304,1479770302,-1
341,1479770362,-1
302,1479770422,-1
280,1479770482,-1
269,1479770542,-1
394,1479770602,-1
302,1479770662,-1
404,1479770722,-1
324,1479770782,-1
445,1479770842,-1
342,1479770902,-1
407,1479770962,-1
359,1479771022,-1
404,1479771082,-1
471,1479771142,-1
282,1479771202,-1
162,1479771263,-1
181,1479771323,-1
180,1479771383,-1
187,1479771443,-1
186,1479771503,-1
304,1479771563,-1
273,1479771623,-1
297,1479771683,-1
272,1479771743,-1
190,1479771803,-1
213,1479771863,-1
184,1479771923,-1
229,1479771983,-1
367,1479772043,-1
374,1479772103,-1
261,1479772163,-1
322,1479772223,-1
417,1479772283,-1
315,1479772343,-1
216,1479772403,-1
251,1479772464,-1
496,1479772524,-1
341,1479772584,-1
581,1479772644,-1
496,1479772704,-1
586,1479772764,-1
359,1479772824,-1
350,1479772884,-1
370,1479772944,-1
358,1479773004,-1
353,1479773064,-1
470,1479773124,-1
504,1479773184,-1
942,1479773244,-1
